Estación:       BAHIA DE KINO,  SON
Operada por:    SMN EMAS
Longitud:       111°08'13"  Latitud: 29°00'48"  Altitud: 

DD/MM/AAAA HH:MM      DIRS      DIRR      VELS      VELR      TEMP        HR        PB      PREC   RAD-SOL
02/02/2018 16:00       143       124      5.40     11.50      22.2        32    1001.9       0.0     196.5
02/02/2018 17:00        79        83      6.76     11.20      24.9        24    1002.3       0.0     224.0
02/02/2018 18:00       191       243      1.96     10.40      27.1        24    1002.2       0.0     317.8
02/02/2018 19:00       203       210      9.08     16.20      27.7        28    1001.4       0.0     320.3
02/02/2018 20:00       214       223      9.74     16.60      27.0        33    1000.5       0.0     256.7
02/02/2018 21:00       228       195      3.19     14.80      27.6        34     999.9       0.0     330.2
02/02/2018 22:00       278       293      5.45     12.60      28.0        32     999.3       0.0     273.3
02/02/2018 23:00       240       216      5.08      9.70      27.7        33     999.1       0.0     166.0
03/02/2018 00:00       151       237      1.80      7.90      26.6        35     999.1       0.0      48.7
03/02/2018 01:00       114       109      6.30     10.80      25.0        41     999.2       0.0       2.7
03/02/2018 02:00       110       106      7.12     13.70      23.7        46     999.5       0.0      -1.0
03/02/2018 03:00       204       303      0.62      9.00      22.5        49     999.8       0.0      -1.0
03/02/2018 04:00       205       186      4.23     12.60      20.9        54    1000.0       0.0      -1.0
03/02/2018 05:00       301       293      5.59      9.00      20.1        58    1000.2       0.0      -1.0
03/02/2018 06:00         7       175      1.27      9.40      18.6        62    1000.0       0.0      -1.0
03/02/2018 07:00        52        44      3.73      7.20      17.0        66     999.6       0.0      -1.0
03/02/2018 08:00        95        85      2.99      4.70      15.6        70     999.6       0.0      -1.0
03/02/2018 09:00       123       122      6.74     10.40      14.7        75     999.5       0.0      -1.0
03/02/2018 10:00        29       272      1.31      8.30      14.6        75     999.2       0.0      -1.0
03/02/2018 11:00        47        46      3.39      6.80      13.9        78     998.7       0.0      -1.0
03/02/2018 12:00        21        12      7.01     10.80      13.8        78     998.7       0.0      -1.0
03/02/2018 13:00        69        52      9.94     14.80      14.5        73     999.1       0.0      -1.0
03/02/2018 14:00        61        65      8.04     16.90      14.7        66     999.5       0.0      21.0
03/02/2018 15:00        85        99      3.71     12.60      18.1        54     999.8       0.0     169.3
03/02/2018 16:00        59        82      6.97     14.00      22.0        43     999.9       0.0     350.3
03/02/2018 17:00        59        28      3.91     11.50      25.6        37     999.8       0.0     535.3
03/02/2018 18:00       246       289      1.39      8.60      28.6        29     999.3       0.0     670.8
03/02/2018 19:00       176       170      4.69     13.30      30.2        25     998.3       0.0     747.5
03/02/2018 20:00       218       231     14.17     30.60      31.8        22     996.9       0.0     740.7
03/02/2018 21:00       226       195     18.45     31.00      31.5        25     995.9       0.0     641.3
03/02/2018 22:00       236       213     14.78     28.80      31.5        25     995.3       0.0     428.2
03/02/2018 23:00       227       204     14.42     25.60      30.9        26     994.9       0.0     289.5
04/02/2018 00:00       221       216     18.29     29.50      28.7        31     995.2       0.0      74.2
04/02/2018 01:00       228       224     12.20     25.90      26.1        34     995.8       0.0       2.3
04/02/2018 02:00       245       247     11.40     19.10      24.1        38     996.3       0.0      -1.0
04/02/2018 03:00       266       269     11.13     22.00      23.5        42     996.7       0.0      -1.0
04/02/2018 04:00       219       269      3.88      9.70      20.2        50     997.1       0.0      -1.0
04/02/2018 05:00       240       186      3.70      9.00      17.9        54     997.3       0.0      -1.0
04/02/2018 06:00       180       151      4.95     10.40      16.2        59     997.5       0.0      -1.0
04/02/2018 07:00       178       219      3.19      7.60      14.9        61     997.2       0.0      -1.0
04/02/2018 08:00       115       156      2.14      6.80      13.9        65     996.8       0.0      -1.0
04/02/2018 09:00       145       150      1.30      8.30      13.0        66     996.6       0.0      -1.0
04/02/2018 10:00       101        83      0.92      6.10      12.6        67     996.4       0.0      -1.0
04/02/2018 11:00       105        92      4.03      6.80      11.8        67     996.8       0.0      -1.0
04/02/2018 12:00       120       120      7.84     11.90      11.6        70     997.4       0.0      -1.0
04/02/2018 13:00        98        87      6.72     11.50      11.8        68     998.0       0.0      -1.0
04/02/2018 14:00        94       108      4.21      9.00      12.3        64     998.4       0.0      20.0
04/02/2018 15:00        42        35      5.43     10.40      16.5        47     998.6       0.0     173.3
04/02/2018 16:00        58        14      5.64     11.20      21.7        31     998.9       0.0     356.5
04/02/2018 17:00        49        47      7.71     14.40      25.6        25     998.7       0.0     546.5
04/02/2018 18:00        65        97      6.12     17.60      27.7        26     998.4       0.0     685.8
04/02/2018 19:00       227       197      3.83     13.00      29.7        26     997.5       0.0     757.2
04/02/2018 20:00       233       236      5.19     15.80      31.5        22     996.2       0.0     753.0
04/02/2018 21:00       248       261      7.34     20.20      32.1        18     995.1       0.0     654.2
04/02/2018 22:00       230       255      9.70     21.60      32.6        17     994.5       0.0     444.3
04/02/2018 23:00       244       263      9.10     18.70      31.9        18     994.4       0.0     319.8
05/02/2018 00:00       245       273     10.74     17.30      30.5        18     994.8       0.0     110.7
05/02/2018 01:00       238       235     12.59     24.80      26.5        24     995.4       0.0       1.2
05/02/2018 02:00       258       260     14.97     24.50      24.6        25     996.1       0.0      -1.0
05/02/2018 03:00       276       271     11.29     22.00      23.1        24     996.5       0.0      -1.0
05/02/2018 04:00       289       297      3.15     14.00      20.1        29     997.0       0.0      -1.0
05/02/2018 05:00       217       227      0.56      4.70      16.9        35     996.9       0.0      -1.0
05/02/2018 06:00        58       110      0.61     12.60      14.8        39     996.7       0.0      -1.0
05/02/2018 07:00       108        90      4.73     13.00      14.6        41     996.4       0.0      -1.0
05/02/2018 08:00       108       124      5.56      9.70      13.4        43     996.2       0.0      -1.0
05/02/2018 09:00       140       133      4.67     12.60      13.3        45     995.9       0.0      -1.0
05/02/2018 10:00        17         7      7.36     10.10      12.9        46     995.7       0.0      -1.0
05/02/2018 11:00        19        23      6.88      8.60      12.5        47     995.4       0.0      -1.0
05/02/2018 12:00        56        58      4.90     10.10      21.5        45     995.5       0.0      -1.0
05/02/2018 13:00        68        69     12.59     19.10      21.5        38     995.8       0.0      -1.0
05/02/2018 14:00        81        78      6.36     18.00      21.5        39     996.2       0.0      23.7
05/02/2018 15:00        62        72      5.83     13.70      21.5        33     996.8       0.0     174.0
05/02/2018 16:00        64        78      8.53     15.50      21.5        24     996.7       0.0     361.0
05/02/2018 17:00       125        58      2.17     10.40      21.5        20     996.8       0.0     552.5
05/02/2018 18:00       182       240      4.39     11.90      21.5        17     996.3       0.0     617.5
05/02/2018 19:00       206       191      8.91     17.30      21.5        15     995.4       0.0     710.7
05/02/2018 20:00       213       185     12.22     20.20      30.3        13     994.2       0.0     597.7
05/02/2018 21:00       221       201     14.66     25.20      30.8        14     993.6       0.0     604.0
05/02/2018 22:00       232       205     14.80     25.60      30.9        14     993.3       0.0     390.3
05/02/2018 23:00       235       250     15.38     28.10      29.7        16     993.2       0.0     271.3
06/02/2018 00:00       212       221     13.77     24.50      27.9        18     993.6       0.0      93.5
06/02/2018 01:00       201       215     10.46     14.00      23.7        22     994.1       0.0       0.8
06/02/2018 02:00       191       188     12.04     14.80      20.2        29     994.6       0.0      -1.0
06/02/2018 03:00       187       200      5.94     14.40      18.5        33     995.1       0.0      -1.0
06/02/2018 04:00       134       110      2.12      7.20      17.2        34     995.5       0.0      -1.0
06/02/2018 05:00        70        76      2.07      4.30      15.4        37     995.7       0.0      -1.0
06/02/2018 06:00       107       125      5.36      7.90      13.9        39     995.7       0.0      -1.0
06/02/2018 07:00        99       110      5.87      9.40      13.8        40     995.2       0.0      -1.0
06/02/2018 09:00        51       334      0.39      6.80      12.6        44     995.2       0.0      -1.0
06/02/2018 10:00       352       326      4.24      9.40      11.5        49     995.4       0.0      -1.0
06/02/2018 11:00        34        26      6.81     14.00      12.2        46     995.6       0.0      -1.0
06/02/2018 12:00         6       345      2.71     10.40      11.8        47     995.7       0.0      -1.0
06/02/2018 13:00        54        55     12.06     19.40      13.0        42     996.2       0.0      -1.0
06/02/2018 14:00        75        63     10.82     20.50      13.5        36     996.6       0.0      15.5
06/02/2018 15:00       105        81      5.65     10.10      14.3        38     997.4       0.0     133.3
06/02/2018 16:00        68        72     10.73     19.80      18.6        30     997.7       0.0     255.7
06/02/2018 17:00        70        62     10.15     19.10      22.9        22     998.1       0.0     435.8
06/02/2018 18:00       125        86      5.02     12.20      26.6        18     998.1       0.0     653.0
06/02/2018 19:00       209       180      4.31     13.70      29.7        13     997.4       0.0     793.7
06/02/2018 20:00       179       194     11.99     25.20      31.6        12     996.1       0.0     814.3
06/02/2018 21:00       212       229     17.44     27.40      32.0        13     995.3       0.0     691.2
06/02/2018 22:00       221       208     14.93     24.50      30.8        17     995.2       0.0     390.5
06/02/2018 23:00       230       225     13.87     24.50      29.1        20     995.6       0.0     203.2
07/02/2018 00:00       234       241     15.36     25.90      27.1        23     996.4       0.0      74.0
07/02/2018 01:00       221       217     11.01     22.00      24.3        28     997.0       0.0       1.0
07/02/2018 02:00       189       176     10.45     14.40      20.5        36     997.7       0.0      -1.0
07/02/2018 03:00       204       209      8.37     14.40      19.3        39     998.6       0.0      -1.0
07/02/2018 04:00       276       228      1.43      7.90      17.5        44     999.2       0.0      -1.0
07/02/2018 05:00        26        80      4.19     10.80      16.5        46     999.5       0.0      -1.0
07/02/2018 06:00        30         5      6.23     11.20      16.1        46     999.8       0.0      -1.0
07/02/2018 07:00       356        13      4.03      8.30      14.5        51     999.8       0.0      -1.0
07/02/2018 08:00        51       354      4.37      9.70      13.2        53    1000.0       0.0      -1.0
07/02/2018 09:00        25        11      7.20     13.30      13.7        51     999.9       0.0      -1.0
07/02/2018 10:00        51        49     10.29     18.70      14.1        51     999.9       0.0      -1.0
07/02/2018 11:00        90        59      8.37     16.90      13.9        51     999.9       0.0      -1.0
07/02/2018 12:00        81        79      6.15     14.80      12.1        55    1000.0       0.0      -1.0
07/02/2018 13:00        21        54      8.23     12.20      11.7        55    1000.5       0.0      -1.0
07/02/2018 14:00        65        18      3.39     10.10      11.2        56    1001.1       0.0      15.3
07/02/2018 15:00        24        25      7.05     10.80      13.2        50    1001.6       0.0     142.2
07/02/2018 16:00        39        22      5.85     11.50      18.9        34    1002.1       0.0     326.8
07/02/2018 17:00        45        50      7.45     13.00      23.9        26    1002.3       0.0     537.3
07/02/2018 18:00        67        18      7.84     17.60      27.2        22    1001.8       0.0     692.7
07/02/2018 19:00        66         5      5.12     18.40      29.2        21    1000.8       0.0     776.3
07/02/2018 20:00        85        85      3.58     22.30      30.9        19     999.6       0.0     765.5
07/02/2018 21:00       263         6      5.13     20.90      31.6        16     998.6       0.0     653.0
07/02/2018 22:00       199        15      4.77     18.00      32.7        14     998.0       0.0     450.0
07/02/2018 23:00       228       281      2.08     16.20      32.2        14     997.7       0.0     317.2
08/02/2018 00:00       232       304      3.27     13.70      31.0        15     997.7       0.0     109.5
08/02/2018 01:00       261       266     11.69     23.40      26.5        21     997.9       0.0       2.2
08/02/2018 02:00       277       279     11.14     19.80      23.5        24     998.6       0.0      -1.0
08/02/2018 03:00       283       274      4.26     11.50      19.9        29     999.3       0.0      -1.0
08/02/2018 04:00       291       308      6.32     14.80      18.8        33     999.4       0.0      -1.0
08/02/2018 05:00       190       282      3.41     10.10      15.8        41     999.6       0.0      -1.0
08/02/2018 06:00       229       188      6.81     11.20      13.6        45     999.5       0.0      -1.0
08/02/2018 07:00        86       247      0.83      9.00      12.6        49     999.1       0.0      -1.0
08/02/2018 08:00       136        91      3.53      9.00      10.6        52     998.8       0.0      -1.0
08/02/2018 09:00       113       105      2.36      5.00       9.2        60     998.6       0.0      -1.0
08/02/2018 10:00        87        93      5.11      9.00       8.9        58     998.4       0.0      -1.0
08/02/2018 11:00        68        83      4.67     10.10       8.6        60     998.2       0.0      -1.0
08/02/2018 12:00       332        31      0.85      9.00       8.5        60     998.2       0.0      -1.0
08/02/2018 13:00        48        47      9.34     15.80      10.6        42     998.3       0.0      -1.0
08/02/2018 14:00        37        52      4.76     13.70       9.7        45     998.6       0.0      15.8
08/02/2018 15:00        40        56      4.26      7.90      14.5        34     998.8       0.0     189.5
08/02/2018 16:00       118        68      2.64      6.80      21.4        22     999.1       0.0     376.5
08/02/2018 17:00       219       240      4.27     10.10      25.9        20     999.0       0.0     570.5
08/02/2018 18:00       217       248      8.20     13.00      27.9        16     998.4       0.0     709.2
08/02/2018 19:00       246       242      5.94     15.10      29.8        13     997.5       0.0     776.2
08/02/2018 20:00       273       262      6.99     20.50      31.8        11     996.2       0.0     790.7
08/02/2018 21:00       253       296      4.44     18.00      33.0        10     995.2       0.0     718.2
08/02/2018 22:00       242       253      8.21     18.70      32.3        11     994.7       0.0     339.0
08/02/2018 23:00       247       241     10.42     19.40      31.9        12     994.5       0.0     301.2
09/02/2018 00:00       245       227     10.98     18.40      30.5        12     994.6       0.0     119.0
09/02/2018 01:00       256       263     13.18     26.30      26.9        17     995.0       0.0       3.0
09/02/2018 02:00       260       272     12.63     20.20      24.0        20     995.5       0.0      -1.0
09/02/2018 03:00       246       267      5.65     13.30      21.0        24     996.1       0.0      -1.0
09/02/2018 04:00       199       218      5.72      8.60      17.7        31     996.4       0.0      -1.0
09/02/2018 05:00       171       177      7.67     10.80      15.5        35     996.5       0.0      -1.0
09/02/2018 06:00       157       137      5.33     12.20      14.4        36     996.5       0.0      -1.0


